#blocks	block size	Total invalidations
2	2	0.00
2	26	2.00
2	50	2.00
2	74	2.00
2	98	2.00
2	122	2.00
2	146	3.00
2	170	8.00
2	194	8.00
2	218	8.00
2	242	6.00
2	266	6.00
2	290	12.00
2	314	7.00
2	338	7.00
2	362	6.00
2	386	6.00
2	410	7.00
2	434	6.00
2	458	5.00
2	482	5.00
2	506	5.00

26	2	1.00
26	26	14.00
26	50	9.00
26	74	8.00
26	98	9.00
26	122	8.00
26	146	9.00
26	170	6.00
26	194	7.00
26	218	7.00
26	242	6.00
26	266	6.00
26	290	8.00
26	314	7.00
26	338	7.00
26	362	6.00
26	386	6.00
26	410	7.00
26	434	6.00
26	458	5.00
26	482	5.00
26	506	5.00

50	2	34.00
50	26	14.00
50	50	9.00
50	74	8.00
50	98	9.00
50	122	8.00
50	146	9.00
50	170	6.00
50	194	7.00
50	218	7.00
50	242	6.00
50	266	6.00
50	290	8.00
50	314	7.00
50	338	7.00
50	362	6.00
50	386	6.00
50	410	7.00
50	434	6.00
50	458	5.00
50	482	5.00
50	506	5.00

74	2	36.00
74	26	14.00
74	50	9.00
74	74	8.00
74	98	9.00
74	122	8.00
74	146	9.00
74	170	6.00
74	194	7.00
74	218	7.00
74	242	6.00
74	266	6.00
74	290	8.00
74	314	7.00
74	338	7.00
74	362	6.00
74	386	6.00
74	410	7.00
74	434	6.00
74	458	5.00
74	482	5.00
74	506	5.00

98	2	51.00
98	26	14.00
98	50	9.00
98	74	8.00
98	98	9.00
98	122	8.00
98	146	9.00
98	170	6.00
98	194	7.00
98	218	7.00
98	242	6.00
98	266	6.00
98	290	8.00
98	314	7.00
98	338	7.00
98	362	6.00
98	386	6.00
98	410	7.00
98	434	6.00
98	458	5.00
98	482	5.00
98	506	5.00

122	2	11.00
122	26	14.00
122	50	9.00
122	74	8.00
122	98	9.00
122	122	8.00
122	146	9.00
122	170	6.00
122	194	7.00
122	218	7.00
122	242	6.00
122	266	6.00
122	290	8.00
122	314	7.00
122	338	7.00
122	362	6.00
122	386	6.00
122	410	7.00
122	434	6.00
122	458	5.00
122	482	5.00
122	506	5.00

146	2	47.00
146	26	14.00
146	50	9.00
146	74	8.00
146	98	9.00
146	122	8.00
146	146	9.00
146	170	6.00
146	194	7.00
146	218	7.00
146	242	6.00
146	266	6.00
146	290	8.00
146	314	7.00
146	338	7.00
146	362	6.00
146	386	6.00
146	410	7.00
146	434	6.00
146	458	5.00
146	482	5.00
146	506	5.00

170	2	102.00
170	26	14.00
170	50	9.00
170	74	8.00
170	98	9.00
170	122	8.00
170	146	9.00
170	170	6.00
170	194	7.00
170	218	7.00
170	242	6.00
170	266	6.00
170	290	8.00
170	314	7.00
170	338	7.00
170	362	6.00
170	386	6.00
170	410	7.00
170	434	6.00
170	458	5.00
170	482	5.00
170	506	5.00

194	2	102.00
194	26	14.00
194	50	9.00
194	74	8.00
194	98	9.00
194	122	8.00
194	146	9.00
194	170	6.00
194	194	7.00
194	218	7.00
194	242	6.00
194	266	6.00
194	290	8.00
194	314	7.00
194	338	7.00
194	362	6.00
194	386	6.00
194	410	7.00
194	434	6.00
194	458	5.00
194	482	5.00
194	506	5.00

218	2	102.00
218	26	14.00
218	50	9.00
218	74	8.00
218	98	9.00
218	122	8.00
218	146	9.00
218	170	6.00
218	194	7.00
218	218	7.00
218	242	6.00
218	266	6.00
218	290	8.00
218	314	7.00
218	338	7.00
218	362	6.00
218	386	6.00
218	410	7.00
218	434	6.00
218	458	5.00
218	482	5.00
218	506	5.00

242	2	102.00
242	26	14.00
242	50	9.00
242	74	8.00
242	98	9.00
242	122	8.00
242	146	9.00
242	170	6.00
242	194	7.00
242	218	7.00
242	242	6.00
242	266	6.00
242	290	8.00
242	314	7.00
242	338	7.00
242	362	6.00
242	386	6.00
242	410	7.00
242	434	6.00
242	458	5.00
242	482	5.00
242	506	5.00

266	2	102.00
266	26	14.00
266	50	9.00
266	74	8.00
266	98	9.00
266	122	8.00
266	146	9.00
266	170	6.00
266	194	7.00
266	218	7.00
266	242	6.00
266	266	6.00
266	290	8.00
266	314	7.00
266	338	7.00
266	362	6.00
266	386	6.00
266	410	7.00
266	434	6.00
266	458	5.00
266	482	5.00
266	506	5.00

290	2	102.00
290	26	14.00
290	50	9.00
290	74	8.00
290	98	9.00
290	122	8.00
290	146	9.00
290	170	6.00
290	194	7.00
290	218	7.00
290	242	6.00
290	266	6.00
290	290	8.00
290	314	7.00
290	338	7.00
290	362	6.00
290	386	6.00
290	410	7.00
290	434	6.00
290	458	5.00
290	482	5.00
290	506	5.00

314	2	102.00
314	26	14.00
314	50	9.00
314	74	8.00
314	98	9.00
314	122	8.00
314	146	9.00
314	170	6.00
314	194	7.00
314	218	7.00
314	242	6.00
314	266	6.00
314	290	8.00
314	314	7.00
314	338	7.00
314	362	6.00
314	386	6.00
314	410	7.00
314	434	6.00
314	458	5.00
314	482	5.00
314	506	5.00

338	2	102.00
338	26	14.00
338	50	9.00
338	74	8.00
338	98	9.00
338	122	8.00
338	146	9.00
338	170	6.00
338	194	7.00
338	218	7.00
338	242	6.00
338	266	6.00
338	290	8.00
338	314	7.00
338	338	7.00
338	362	6.00
338	386	6.00
338	410	7.00
338	434	6.00
338	458	5.00
338	482	5.00
338	506	5.00

362	2	102.00
362	26	14.00
362	50	9.00
362	74	8.00
362	98	9.00
362	122	8.00
362	146	9.00
362	170	6.00
362	194	7.00
362	218	7.00
362	242	6.00
362	266	6.00
362	290	8.00
362	314	7.00
362	338	7.00
362	362	6.00
362	386	6.00
362	410	7.00
362	434	6.00
362	458	5.00
362	482	5.00
362	506	5.00

386	2	102.00
386	26	14.00
386	50	9.00
386	74	8.00
386	98	9.00
386	122	8.00
386	146	9.00
386	170	6.00
386	194	7.00
386	218	7.00
386	242	6.00
386	266	6.00
386	290	8.00
386	314	7.00
386	338	7.00
386	362	6.00
386	386	6.00
386	410	7.00
386	434	6.00
386	458	5.00
386	482	5.00
386	506	5.00

410	2	102.00
410	26	14.00
410	50	9.00
410	74	8.00
410	98	9.00
410	122	8.00
410	146	9.00
410	170	6.00
410	194	7.00
410	218	7.00
410	242	6.00
410	266	6.00
410	290	8.00
410	314	7.00
410	338	7.00
410	362	6.00
410	386	6.00
410	410	7.00
410	434	6.00
410	458	5.00
410	482	5.00
410	506	5.00

434	2	102.00
434	26	14.00
434	50	9.00
434	74	8.00
434	98	9.00
434	122	8.00
434	146	9.00
434	170	6.00
434	194	7.00
434	218	7.00
434	242	6.00
434	266	6.00
434	290	8.00
434	314	7.00
434	338	7.00
434	362	6.00
434	386	6.00
434	410	7.00
434	434	6.00
434	458	5.00
434	482	5.00
434	506	5.00

458	2	102.00
458	26	14.00
458	50	9.00
458	74	8.00
458	98	9.00
458	122	8.00
458	146	9.00
458	170	6.00
458	194	7.00
458	218	7.00
458	242	6.00
458	266	6.00
458	290	8.00
458	314	7.00
458	338	7.00
458	362	6.00
458	386	6.00
458	410	7.00
458	434	6.00
458	458	5.00
458	482	5.00
458	506	5.00

482	2	102.00
482	26	14.00
482	50	9.00
482	74	8.00
482	98	9.00
482	122	8.00
482	146	9.00
482	170	6.00
482	194	7.00
482	218	7.00
482	242	6.00
482	266	6.00
482	290	8.00
482	314	7.00
482	338	7.00
482	362	6.00
482	386	6.00
482	410	7.00
482	434	6.00
482	458	5.00
482	482	5.00
482	506	5.00

506	2	102.00
506	26	14.00
506	50	9.00
506	74	8.00
506	98	9.00
506	122	8.00
506	146	9.00
506	170	6.00
506	194	7.00
506	218	7.00
506	242	6.00
506	266	6.00
506	290	8.00
506	314	7.00
506	338	7.00
506	362	6.00
506	386	6.00
506	410	7.00
506	434	6.00
506	458	5.00
506	482	5.00
506	506	5.00

